 r  b   swpd   free   buff  cache   si   so    bi    bo   in   cs us sy id wa st
 1  1  97624 244172  12468 243972   63  935  4632  1316  590 1517  9 41 49  2  0
 4  0  97624 233024  12468 252884  204    0  9100     0 1184  439  0 88  8  4  0
 4  0  97624 226540  12476 259396  116    0  6616    44 1483  347  0 98  2  0  0
 4  0  97624 224148  12476 261548  212    0  2356     0 1067  380  2 85 11  2  0
 3  0  97624 218692  12476 266148  100    0  4716     0 1415  339  0 100  0  0  0
 1  0  97624 213052  12476 271608   32    0  5488    68  796  342  0 77 21  2  0
 1  0  97624 205920  12484 277732   52    0  6184     0  660  422  1 97  2  0  0
 1  0  97624 205104  12492 278640   24    0   924    16  590  304  0 97  3  0  0
 0  0  97368 203092  12492 280828   40    0  2244     0  438  252  0 91  9  0  0
 2  0  97368 201588  12492 281756    8    0   908     0  481  251  0 93  7  0  0
 4  0  97368 200996  12492 281760   16    0    16     0  469  243  0 82 18  0  0
 1  0  97368 200952  12492 282808    0    0  1052     0  566  292  0 100  0  0  0
 1  0  97368 193944  12500 284360    0    0  1552    16  557  217  0 88 12  0  0
 1  0  97368 195324  12500 285216   92    0   944     0  490  337  0 100  0  0  0
 3  0  97368 197972  12500 285224    0    0     0     0  506  298  0 100  0  0  0
 1  0  97368 197204  12500 285228    0    0     0     0  814  240  0 80 20  0  0
 6  0  97368 195444  12500 285228    0    0     0     0  692  219  0 68 32  0  0
 0  0  97368 198964  12508 285220    0    0     0    16  333  240  0 90 10  0  0
 2  0  97368 193412  12508 285232    0    0     0     0  562  278  0 95  5  0  0
 1  0  97368 195540  12508 285232    0    0     0     0  314  298  0 100  0  0  0
 2  0  97368 198772  12508 285236    0    0     0     0  482  220  0 92  8  0  0
 2  0  97368 196892  12512 285232    0    0     0    36  325  259  1 96  3  0  0
 3  0  97368 195732  12524 285228    0    0     0    36  424  282  0 83 17  0  0
 1  0  97368 198484  12524 285240    0    0     0     0  442  239  0 70 30  0  0
 3  0  97368 198324  12524 285240    0    0     0     0  547  279  0 80 20  0  0
 1  0  97368 198900  12524 285244    0    0     0     0 1237  253  0 89 11  0  0
 1  0  97368 198868  12524 285244    0    0     0     0  398  266  0 87 13  0  0
 2  0  97368 198228  12532 285240    0    0     0   140 1494  314  0 93  7  0  0
 2  0  97368 197092  12532 285248    0    0     0     0  554  309  0 89 11  0  0
 0  0  97368 198900  12532 285252    0    0     0     0  387  187  0 70 30  0  0
 3  0  97368 195596  12532 285252    0    0     0     0  967  293  0 87 13  0  0
 6  0  97368 195916  12532 285256    0    0     0     4  560  213  0 66 34  0  0
 3  0  97368 193708  12540 285248    0    0     0    24  882  305  0 94  6  0  0
 2  0  97368 198132  12540 285260    0    0     0     0  345  191  0 68 32  0  0
 5  0  97368 196444  12540 285260    0    0     0     0  885  253  0 86 14  0  0
 2  0  97368 198868  12540 285260    0    0     0     0  737  248  0 92  8  0  0
 3  0  97368 197460  12540 285264    0    0     0    32  572  199  0 60 40  0  0
 1  0  97368 198452  12552 285252    0    0     0    40  613  264  0 82 17  1  0
 0  0  97368 198932  12552 285268    0    0     0     0  634  212  0 74 26  0  0
 2  0  97368 195364  12552 285268    0    0     0     0  669  296  0 87 13  0  0
 2  0  97368 197556  12552 285272    0    0     0     0  502  180  0 63 38  0  0
 2  0  97368 192124  12552 285272    0    0     0     0  924  261  0 86 14  0  0
 4  0  97368 198612  12552 285272    0    0     0     0  311  185  0 70 30  0  0
 0  0  97368 198900  12560 285276    0    0     0    16  433  217  0 74 26  0  0
 0  0  97368 198900  12560 285276    0    0     0     0  629  203  0 61 39  0  0
 1  0  97368 198324  12560 285280    0    0     0     0  542  209  0 67 33  0  0
 0  0  97368 198932  12560 285280    0    0     0     0  388  234  0 74 26  0  0
 0  0  97368 198932  12560 285280    0    0     0     0  810  230  0 71 29  0  0
 3  0  97368 196572  12568 285276    0    0     0    16  932  309  0 96  4  0  0
 1  0  97368 197460  12568 285292    0    0     0     0  393  277  0 69 31  0  0
 2  0  97368 197460  12568 285296    0    0     0     0  463  228  1 73 26  0  0
 2  0  97368 198004  12568 285296    0    0     0     0  642  181  0 64 36  0  0
 5  0  97368 196812  12568 285300    0    0     0     0  602  208  0 77 23  0  0
 0  0  97368 198932  12576 285292    0    0     0    16  485  257  0 74 26  0  0
 3  0  97368 197588  12576 285300    0    0     0     0  472  197  0 66 34  0  0
 1  0  97368 197940  12576 285304    0    0     0     0  684  272  0 100  0  0  0
 0  0  97368 198900  12576 285304    0    0     0     0  448  192  0 55 45  0  0
 2  0  97368 198516  12576 285308    4    0     4     0  521  259  0 81 19  0  0
 3  0  97368 197652  12584 285300    0    0     0    16  407  182  0 60 40  0  0
 1  0  97368 195924  12584 285312    0    0     0     0  792  259  0 80 20  0  0
 3  0  97368 197524  12584 285312    0    0     0     0  396  148  0 52 48  0  0
 2  0  97368 197720  12584 285312    0    0     0     0  686  260  0 78 22  0  0
 0  0  97368 198680  12584 285316    0    0     0     8  481  212  0 72 28  0  0
 3  0  97368 197400  12592 285308    0    0     0    24  450  291  0 73 27  0  0
 0  0  97368 198648  12592 285320    0    0     0     0  636  226  0 68 32  0  0
 2  0  97368 197336  12592 285320    4    0     4     0  515  210  0 60 40  0  0
 1  0  97368 198264  12592 285320    0    0     0     0  576  274  0 81 19  0  0
 1  0  97368 198360  12592 285324    0    0     0    56  380  195  0 67 33  0  0
 3  0  97368 196376  12604 285312    0    0     0    60  419  252  0 72 28  0  0
 6  0  97368 196856  12604 285328    0    0     0     0  617  200  0 54 46  0  0
 2  0  97368 197272  12604 285328    0    0     0     0  708  281  0 83 17  0  0
 0  0  97368 198648  12604 285332    0    0     0     0  435  203  0 69 31  0  0
 2  0  97368 197208  12604 285332    0    0     0     0  401  218  0 66 34  0  0
 0  0  97368 198680  12612 285324    0    0     0    16  451  236  0 74 26  0  0
 2  0  97368 197424  12612 285336    0    0     0     0 1208  263  0 92  8  0  0
 0  0  97368 198680  12612 285336    0    0     0     0  412  261  0 81 19  0  0
 1  0  97368 198168  12612 285340    0    0     0     0  555  204  0 67 33  0  0
 3  0  97368 198040  12612 285340    0    0     0     0  777  303  0 85 15  0  0
 2  0  97368 195276  12620 285336    0    0     0    16  889  261  0 78 21  1  0
 0  0  97368 198428  12620 285344    0    0     0     0  860  325  0 97  3  0  0
 0  0  97368 198396  12620 285344    0    0     0     0  537  205  0 71 29  0  0
 5  0  97368 195932  12620 285348    0    0     0     0  659  259  0 75 25  0  0
 1  0  97368 197532  12620 285348    0    0     0     0  606  250  0 74 26  0  0
 2  0  97368 197372  12628 285344    0    0     0    16  412  189  0 56 44  0  0
 1  0  97368 198172  12628 285352    0    0     0     0  972  345  0 100  0  0  0
 0  0  97368 198428  12628 285356    0    0     0     0  669  242  0 69 31  0  0
 3  0  97368 196380  12628 285356    0    0     0     0  551  278  0 77 23  0  0
 2  0  97368 196828  12628 285356    4    0     4     0  777  274  0 83 17  0  0
 4  0  97368 197920  12636 285352    0    0     0    16  587  251  0 71 29  0  0
 2  0  97368 197920  12636 285360   36    0    36     0  961  280  0 86 14  0  0
 6  0  97368 194664  12636 285364    0    0     0     0 1084  318  0 85 15  0  0
 3  0  97368 197472  12636 285364    0    0     0     0  582  258  0 72 28  0  0
 3  0  97368 196384  12636 285368    0    0     0     0 1093  267  0 93  7  0  0
 0  0  97368 198144  12644 285360    0    0     0    20  397  294  0 94  6  0  0
 0  0  97368 198176  12644 285376    0    0     0     0  750  236  0 79 21  0  0
 3  0  97368 196608  12644 285376    0    0     0     0  484  242  0 86 14  0  0
 1  0  97368 197760  12644 285376    0    0     0     0  566  203  0 64 36  0  0
 2  0  97368 195168  12644 285380    0    0     0     0  618  228  0 74 26  0  0
 0  0  97368 198176  12656 285380    0    0     0    92  618  255  0 83 16  1  0
 0  0  97368 198176  12656 285384    0    0     0     0  813  332  1 98  1  0  0
 3  0  97368 196704  12656 285384    0    0     0     0  627  226  0 84 16  0  0
 5  0  97368 196704  12656 285392    0    0     0     0  918  250  0 81 19  0  0
 0  0  97368 198176  12656 285392    0    0     0     0  626  276  0 76 24  0  0
 0  0  97368 198176  12664 285396    0    0     0    36  389  216  1 68 31  0  0
 2  0  97368 194224  12664 285396    0    0     0     0  445  246  0 78 22  0  0
 2  0  97368 196608  12664 285396    0    0     0     0  592  197  0 73 27  0  0
 2  0  97368 196032  12664 285400    0    0     0     0  536  254  0 81 19  0  0
 1  0  97368 198176  12664 285400    0    0     0     0  598  179  0 65 35  0  0
 0  0  97368 198176  12672 285404    0    0     0    16  444  236  0 67 33  0  0
 5  0  97368 196320  12672 285404    0    0     0     0  726  294  0 86 14  0  0
 2  0  97368 197920  12672 285408    0    0     0     0  752  219  0 77 23  0  0
 1  0  97368 197344  12672 285408    0    0     0     0  521  231  0 78 22  0  0
 0  0  97368 198144  12672 285408    0    0     0     0 1292  292  0 87 13  0  0
 0  0  97368 198176  12680 285412    0    0     0    16  401  234  0 71 29  0  0
 3  0  97368 196864  12680 285412    0    0     0     0  845  203  0 82 18  0  0
 2  0  97368 194752  12680 285416    0    0     0     0  984  266  0 93  7  0  0
 3  0  97368 197632  12680 285416    0    0     0     0  392  168  0 61 39  0  0
 2  0  97368 196728  12680 285416    0    0     0     0  643  264  0 79 21  0  0
 0  0  97368 198144  12688 285420    0    0     0    16  750  279  0 86 14  0  0
 1  0  97368 198144  12688 285420    0    0     0     0  408  210  0 64 36  0  0
 1  0  97368 197088  12688 285424    0    0     0     0  560  246  0 76 24  0  0
 0  0  97368 198176  12688 285424    0    0     0     0  551  193  0 65 35  0  0
 1  0  97368 197216  12688 285428    0    0     0     0  498  273  1 74 25  0  0
 2  0  97368 197696  12696 285428    0    0     0    16  844  244  0 77 23  0  0
 1  0  97368 195616  12696 285432    0    0     0     8  621  293  0 78 22  0  0
 1  0  97368 197344  12696 285432    0    0     0     0  414  173  0 51 49  0  0
 1  0  97368 197168  12696 285432    0    0     0     0  796  254  0 96  4  0  0
 0  0  97368 197892  12696 285436    0    0     0     0  354  228  0 61 39  0  0
 4  0  97368 196100  12696 285436    0    0     0    56  974  241  0 81 19  0  0
 0  0  97368 197892  12708 285444    0    0     0    40  517  324  0 95  5  0  0
 5  0  97368 194332  12708 285444    0    0     0     0 1040  224  0 69 31  0  0
 2  0  97368 195204  12708 285444    0    0     0     0  561  325  0 95  5  0  0
 0  0  97368 195876  12708 285448    0    0     0     0  559  159  0 56 44  0  0
 1  0  97368 191628  12708 285448    0    0     0     0 1143  315  0 87 13  0  0
 3  0  97368 195556  12716 285452    0    0     0    16  675  211  0 85 15  0  0
 4  0  97368 195172  12716 285444    8    0     8     0  649  316  0 90 10  0  0
 0  0  97368 195844  12724 285496  112    0   152    32  443  326  0 68 14 18  0
 3  0  97368 194948  12724 285496    0    0     0     0  558  237  0 72 28  0  0
 0  0  97368 195592  12724 285496    0    0     0     0  436  253  0 74 26  0  0
 2  0  97368 195180  12724 285824    0    0   352    28  790  233  0 62 37  1  0
 0  0  97368 195340  12868 285940    0    0   200    80  748  400  0 94  6  0  0
 2  0  97368 194700  12868 285944    0    0     0     0  421  188  0 59 41  0  0
 1  1  97368 190912  12884 286980    8    0  1044    84  700  301  0 82 18  0  0
 3  0  97368 186704  13144 290684  224    0  4116    28  556  595  2 65 32  1  0
 1  0  97368 188368  13144 290688    0    0     0     0  392  250  0 74 26  0  0
 0  0  97368 188528  13144 290688    0    0     0     0  683  255  0 81 19  0  0
 5  0  97368 186352  13144 290692    0    0     0     0  654  281  0 78 22  0  0
 2  0  97368 186528  13144 290692    0    0     0     0  311  239  0 100  0  0  0
 1  0  97368 188368  13152 290696    0    0     0    32  507  246  0 70 30  0  0
 2  0  97368 187328  13152 290696    0    0     0     0  961  315  0 100  0  0  0
 6  0  97368 186936  13152 290700    0    0     0    40  991  251  0 69 31  0  0
 2  0  97368 186768  13152 290704    0    0     0     0  632  310  0 91  9  0  0
 3  0  97368 185232  13152 290704    0    0     0     0  648  205  0 72 28  0  0
 4  0  97368 187540  13160 290780    0    0    92    16  409  296  0 70 30  0  0
 0  0  97368 188788  13160 290796    0    0     0     0  396  210  0 64 36  0  0
 1  0  97368 185364  13160 290796    0    0     0     8 1052  296  0 84 16  0  0
 1  0  97368 188628  13160 290800    0    0     0     0  394  223  0 85 15  0  0
 3  0  97368 188436  13160 290800    0    0     0     0  616  243  0 75 25  0  0
 2  0  97368 187372  13168 290808    0    0     0    40  417  238  0 88 12  0  0
 1  0  97368 187188  13168 290808    0    0     0    56  745  244  1 84 15  0  0
 1  0  97368 188660  13168 290812    0    0     0     0  669  266  0 91  9  0  0
 4  0  97368 187476  13168 290812    0    0     0     0  724  194  0 69 31  0  0
 3  0  97368 186452  13168 290812    0    0     0     0  709  266  0 92  8  0  0
 0  0  97368 188788  13180 290816    0    0     0    36  461  204  0 61 39  0  0
 2  0  97368 187316  13180 290816    0    0     0     0  332  237  0 79 21  0  0
 3  0  97368 187668  13180 290820    0    0     0     0  655  229  1 75 24  0  0
 2  0  97368 187860  13180 290820    0    0     0     0  696  225  0 83 17  0  0
 0  0  97368 188820  13180 290824    0    0     0   248  432  246  0 81 19  0  0
 1  0  97368 188404  13188 290824    0    0     0    24  789  257  0 97  3  0  0
 2  0  97368 185044  13188 290828    0    0     0     0  636  262  0 81 19  0  0
 3  0  97368 187732  13188 290828    0    0     0     0  405  287  0 69 31  0  0
 4  0  97368 187796  13188 290828    0    0     0     0  499  212  0 71 29  0  0
 0  0  97368 188756  13188 290832    0    0     0     0  357  175  0 47 53  0  0
 1  0  97368 185708  13196 290832    0    0     0    24  536  250  0 73 27  0  0
 1  0  97368 188500  13196 290836    0    0     0     0  421  241  0 78 22  0  0
 2  0  97368 188244  13196 290836    0    0     0     0  584  219  0 67 33  0  0
 0  0  97368 188756  13196 290840    0    0     0     0  564  258  0 96  4  0  0
 0  0  97368 188756  13196 290840    0    0     0     0  567  217  0 66 34  0  0
 3  0  97368 187252  13204 290832    0    0     0    16  518  278  0 79 21  0  0
 1  0  97368 186452  13204 290844    0    0     0     0  412  182  0 68 32  0  0
 1  0  97368 186700  13204 290844    0    0     0     0  543  232  0 73 27  0  0
 2  0  97368 188052  13204 290848    0    0     0     0  401  147  0 52 48  0  0
 0  0  97368 188724  13204 290848    0    0     0     0  441  290  0 70 30  0  0
 3  0  97368 188108  13212 290844    0    0     0    60  507  265  0 84 16  0  0
 1  0  97368 188244  13212 290960    0    0   112     0  532  228  0 68 32  0  0
 2  0  97368 188172  13212 290964    0    0     0     0  452  219  0 89 11  0  0
 0  0  97368 188756  13212 290968    0    0     0     4  843  238  0 84 16  0  0
 1  0  97368 186052  13212 290968    0    0     0     0  530  291  0 95  5  0  0
 2  0  97368 186708  13220 290964    0    0     0    16  537  239  0 69 31  0  0
 1  0  97368 185828  13220 290972    0    0     0    56  740  284  0 78 22  0  0
 2  0  97368 188460  13220 290972    0    0     0     0  341  156  0 48 52  0  0
 0  0  97368 188724  13220 290976    0    0     0     0  429  252  0 85 15  0  0
 1  0  97368 188596  13220 290980    0    0     0     0  638  239  0 80 20  0  0
 2  0  97368 186324  13232 290968    0    0     0    36  526  207  0 66 34  0  0
 1  0  97368 188468  13232 290980    0    0     0     0  449  279  0 86 14  0  0
 0  0  97368 188756  13232 290984    0    0     0     0  593  186  0 65 35  0  0
 0  0  97368 188724  13232 290984    0    0     0     0  561  285  0 85 15  0  0
 2  0  97368 187988  13232 290984    0    0     0     0  501  189  0 59 41  0  0
 1  0  97368 187604  13240 290980    0    0     0    16  504  291  0 77 23  0  0
 2  0  97368 188116  13240 290988    0    0     0     0  604  193  0 59 41  0  0
 0  0  97368 188756  13240 290992    0    0     0     0  446  291  0 69 31  0  0
 2  0  97368 187860  13240 290996    0    0     0     0  480  244  0 76 24  0  0
 3  0  97368 188116  13240 290996    0    0     0     0  765  243  0 74 26  0  0
 1  0  97368 188628  13240 291000    0    0     0     0  376  244  1 79 20  0  0
 0  0  97368 188756  13248 291000    0    0     0    16  445  189  0 61 39  0  0
 1  0  97368 184676  13248 291004    0    0     0     0  486  271  0 90 10  0  0
 4  0  97368 187924  13248 291004    0    0     0     0  462  259  0 82 18  0  0
 2  0  97368 183048  13248 291004    4    0     4     0  510  243  0 82 18  0  0
 3  0  97368 187512  13248 291012    0    0     0     0  384  253  0 93  7  0  0
 2  0  97368 187960  13256 291012    0    0     0    16  696  287  0 78 22  0  0
 2  0  97368 188248  13256 291016    0    0     0     0  639  238  0 68 32  0  0
 2  0  97368 186648  13256 291016    0    0     0     0  888  279  0 79 21  0  0
 2  0  97368 185724  13256 291016    0    0     0     0 1179  304  0 100  0  0  0
 2  0  97368 188220  13256 291020    0    0     0     0  371  202  0 66 34  0  0
 3  0  97368 186412  13264 291024    0    0     0    16  322  242  0 94  6  0  0
 3  0  97368 186780  13264 291024    0    0     0     0  627  226  0 83 17  0  0
 2  0  97368 182684  13264 291024    0    0     0     0  405  215  0 86 14  0  0
 3  0  97368 187612  13264 291028    0    0     0     8  415  216  0 100  0  0  0
 2  0  97368 186524  13264 291028    0    0     0     0  718  285  1 83 16  0  0
 0  0  97368 188252  13272 291032    0    0     0    48  668  269  0 82 18  0  0
 3  0  97368 186588  13272 291032    0    0     0    56  532  198  0 45 55  0  0
 0  0  97368 188220  13272 291036    0    0     0     0  667  249  0 86 14  0  0
 2  0  97368 187132  13272 291036    0    0     0     0  618  193  0 69 31  0  0
 0  0  97368 188252  13272 291036    0    0     0     0  535  279  0 93  7  0  0
 2  0  97368 188188  13284 291040    0    0     0    36  571  187  0 68 32  0  0
 3  0  97368 186652  13284 291040    0    0     0     0  779  279  0 82 18  0  0
 8  0  97368 185436  13284 291044    0    0     0     0  676  218  0 67 33  0  0
 3  0  97368 187324  13284 291044    0    0     0     0  678  245  0 78 22  0  0
 0  0  97368 188252  13284 291048    0    0     0     0  460  209  0 58 42  0  0
 3  0  97368 186140  13292 291048    0    0     0    16  546  259  0 75 25  0  0
 2  0  97368 187772  13292 291048    0    0     0     0  832  299  0 87 13  0  0
 4  0  97368 186556  13292 291052    0    0     0     0  513  184  0 63 38  0  0
 0  0  97368 188252  13292 291052    0    0     0     0  724  274  0 72 28  0  0
 0  0  97368 188252  13292 291056    0    0     0     0  503  202  0 65 35  0  0
 9  0  97368 184860  13300 291056    0    0     0    16  662  254  0 84 16  0  0
 2  0  97368 185596  13300 291056    0    0     0     0  495  202  0 67 33  0  0
 3  0  97368 187612  13300 291060    0    0     0     0  782  237  0 75 25  0  0
 0  0  97368 188252  13300 291060    0    0     0     0  461  187  0 58 42  0  0
 2  0  97368 187292  13300 291064    0    0     0     0  553  218  0 65 35  0  0
 1  0  97368 187452  13308 291064    0    0     0    16  553  248  0 89 11  0  0
 1  0  97368 187036  13308 291068    0    0     0     0  623  212  0 72 28  0  0
 0  0  97368 188220  13308 291068    0    0     0     0  721  263  0 88 12  0  0
 1  0  97368 187804  13308 291068    0    0     0     0  465  204  2 72 26  0  0
 2  0  97368 187868  13308 291072    0    0     0     0  628  282  0 79 21  0  0
 4  0  97368 186460  13316 291072    0    0     0    16  550  185  0 49 51  0  0
 4  0  97368 187420  13316 291148    0    0    72     0  678  306  0 82 18  0  0
 0  0  97368 188252  13316 291148    0    0     0     0  358  179  0 64 36  0  0
 2  0  97368 186940  13316 291152    0    0     0     0  570  273  0 84 16  0  0
 4  0  97368 187772  13316 291152    0    0     0     4  484  219  0 84 16  0  0
 2  0  97368 186948  13324 291144    0    0     0    16 1007  269  0 79 21  0  0
 0  0  97368 188252  13324 291156    0    0     0     0  668  252  0 78 22  0  0
 0  0  97368 188252  13324 291164    0    0     0    56  477  208  0 77 23  0  0
 2  0  97368 187292  13324 291168    0    0     0     0  563  284  0 81 19  0  0
 2  0  97368 185788  13324 291168  184    0   184     0  502  215  0 53 46  1  0
 2  0  97368 187836  13336 291156    0    0     0    56  490  247  0 67 31  2  0
 0  0  97368 188252  13336 291172    0    0     0     0  619  193  0 60 40  0  0
 2  0  97368 187772  13336 291172    0    0     0     0  530  288  0 90 10  0  0
 2  0  97368 187996  13336 291176    0    0     0     0  524  233  0 64 36  0  0
 5  0  97368 186812  13336 291176    0    0     0     0  600  198  0 54 46  0  0
 2  0  97368 188252  13344 291172    0    0     0    16  618  307  0 77 23  0  0
 7  0  97368 186252  13344 291180    0    0     0     0 1030  307  0 79 21  0  0
 2  0  97368 187836  13344 291180    0    0     0     0  683  322  0 94  6  0  0
 1  0  97368 185756  13344 291184    0    0     0     0  508  188  0 68 32  0  0
 2  0  97368 183692  13344 291184  648    0   648     0  621  351  0 87 11  2  0
 3  0  97368 186196  13352 291180    0    0     0    16  405  185  0 67 16 16  0
 3  0  97368 185076  13352 291188    0    0     0     0  539  256  0 89 11  0  0
 2  0  97368 186324  13352 291192    0    0     0     0  404  251  0 75 25  0  0
 1  0  97368 186676  13352 291192    0    0     0     0  538  207  0 75 25  0  0
 2  0  97368 186676  13352 291192    0    0     0     0  493  260  0 100  0  0  0
 0  0  97368 187156  13360 291188    0    0     0    16  616  233  0 59 41  0  0
 2  0  97368 185668  13360 291196    0    0     0     0  599  290  1 87 12  0  0
 2  0  97368 186580  13360 291200    0    0     0     0  384  200  0 56 44  0  0
 2  0  97368 185332  13360 291200    0    0     0     0  804  287  0 81 19  0  0
 4  0  97368 186076  13360 291204    0    0     0     0  628  159  0 60 40  0  0
 3  0  97368 186544  13368 291196    0    0     0    16  868  276  0 76 24  0  0
 2  0  97368 186800  13368 291204    0    0     0     0  554  245  0 83 17  0  0
 1  0  97368 186896  13368 291208    0    0     0     0  631  239  0 76 24  0  0
 2  0  97368 186256  13368 291208    0    0     0     0  396  257  0 67 33  0  0
 0  0  97368 187184  13368 291212    0    0     0     0  775  219  0 78 22  0  0
 1  0  97368 186416  13368 291212    0    0     0     8  669  273  0 90 10  0  0
 2  0  97368 186192  13376 291212    0    0     0    24  917  241  0 70 30  0  0
 7  0  97368 184000  13376 291216    0    0     0    56  862  256  0 79 21  0  0
 2  0  97368 186800  13376 291216    0    0     0     0  702  213  0 72 28  0  0
 1  0  97368 186960  13376 291220    0    0     0     0  502  257  0 84 16  0  0
 0  0  97368 187088  13376 291220    0    0     0     0  482  210  0 80 20  0  0
 2  0  97368 185872  13388 291224    0    0     0    36  471  234  0 69 27  4  0
 2  0  97368 183592  13388 291224    0    0     0     0  580  209  0 100  0  0  0
 2  0  97368 186992  13388 291224    0    0     0     0  445  216  0 96  4  0  0
 2  0  97368 185576  13388 291228    0    0     0     0  607  254  0 97  3  0  0
 2  0  97368 187024  13388 291228    0    0     0     0  936  247  0 71 29  0  0
 0  0  97368 187056  13396 291232    0    0     0    40  564  309  0 76 24  0  0
 3  0  97368 184720  13396 291232    0    0     0     0  695  171  0 59 41  0  0
 2  0  97368 186448  13396 291236    0    0     0     0  341  241  0 67 33  0  0
 0  0  97368 187088  13396 291236    0    0     0     0  338  182  0 76 24  0  0
 5  0  97368 183372  13396 291236    0    0     0     0  449  217  0 72 28  0  0
 0  0  97368 185260  13404 291244    0    0     0    16  474  233  0 73 27  0  0
 3  0  97368 184172  13404 291244    0    0     0     0  556  223  0 81 19  0  0
 2  0  97368 181532  13404 291248    0    0     0     0  459  260  0 100  0  0  0
 0  0  97368 185512  13404 291236   16    0    16     0  379  269  0 89 11  0  0
 0  0  97368 185764  13404 291248    0    0     0     0  382  254  0 67 33  0  0
 0  0  97368 185796  13412 291248    0    0     0    16  261   59  0  1 98  1  0
 0  0  97368 185796  13412 291252    0    0     0     0  258   51  0  1 99  0  0
 0  0  97368 185796  13412 291256    0    0     0     0  264   84  2  2 95  0  0
 0  0  97368 185796  13412 291256    0    0     0     0  254   46  0  1 99  0  0
 0  0  97368 185764  13412 291256    0    0     0     0  257   56  0  1 99  0  0
 0  0  97368 183236  13832 292524  940    0  2420    28  572 1118  6 48 40  6  0
 0  0  97368 183236  13832 292552    0    0     0     0  281   42  0  0 100  0  0
 0  0  97368 183236  13832 292552    0    0     0     0  286   63  0  1 99  0  0
 0  0  97368 183236  13832 292552    0    0     0     0  290   54  0  0 100  0  0
 0  0  97368 183236  13832 292552    0    0     0     0  294   48  0  0 100  0  0
