1128641322 0
1128970737 0
1129165874 0
1129166643 0
1129204905 0
1129208162 161
1129289607 0
1129291958 0
1129391856 91
1129501499 0
1129547424 0
1129750353 0
1129820555 1
1129895992 1
1129903373 0
1129922423 0
1129979315 140
1129979960 0
1130058537 71
1130078160 151
1130157495 1
1130251393 106
1130443862 0
1130688049 0
1130695749 0
1131021288 0
1131030134 73
1131045342 245
1131048768 0
1131049160 0
1131056664 0
1131060630 0
1131147667 0
1131148012 0
1131148621 253
1131366712 134
1131407151 0
1131407633 134
1131409491 0
1131475802 0
1131479753 0
1131483554 12
1131486136 19
1131491322 0
1131491644 0
1131491994 0
1131493052 0
1131679236 0
1131680335 19
1132066405 0
1132234441 0
1132236808 0
1132317395 63
1132320995 1
1132341247 0
1132584001 0
1132600058 0
1132600358 0
1132609198 117
1132613204 77
1132613998 1
1132694794 0
1132712737 119
1132717787 0
1132720545 0
1132898756 68
1132912120 0
1132940685 0
1132969419 0
1133009420 0
1133199995 77
1133200922 0
1133287403 399
1133304730 0
1133314546 0
1133409301 417
1133494220 68
1133517077 0
1133555638 0
1133650316 0
1133877029 1
1133926492 0
1133971823 0
1134022709 1
1134026119 1
1134080841 14
1134093488 0
1134109055 99
1134116484 0
1134158826 406
1134357586 120
1134403833 0
1134451138 0
1134496433 0
1134573405 0
1134599406 241
1134630997 108
1134724920 0
1134773839 97
1134937894 1
1135182977 0
1135192678 0
1135619842 0
1135630216 47
1135957395 0
1136322607 0
