 r  b   swpd   free   buff  cache   si   so    bi    bo   in   cs us sy id wa st
 2  0  80504 176248  15468 263264   48  632  3743   877  543 1292  9 39 50  2  0
 0  0  80504 176240  15468 263292    0    0     0   772  338  133  0 11 88  1  0
 3  0  80504 169932  15512 268608  432    0  5776    76  638  676  0 47 46  8  0
 1  0  80248 162968  15512 274980  108    0  6492     0  962  348  0 84 15  1  0
 1  0  80248 155432  15512 281860   80    0  6976     0 1221  325  0 90 10  0  0
 2  0  80248 154124  15512 281896  108    0   108     0 1016  360  1 86 13  0  0
 0  0  80248 151952  15512 284804   56    0  2960   672  876  336  0 99  1  0  0
 4  0  80248 151344  15520 284784   12    0    12    48 1183  320  0 91  9  0  0
 2  0  80248 151888  15520 284808    0    0     0     0  400  271  0 65 35  0  0
 2  0  80248 151600  15520 284812    0    0     0     0  703  265  0 89 11  0  0
 3  0  80248 150736  15520 284812    0    0     0     0  712  285  0 75 25  0  0
 0  0  80248 151700  15520 284812    0    0     0   160  638  283  0 79 21  0  0
 3  1  80248 151380  15528 284808    0    0     0    16  874  396  0 69 31  0  0
 1  0  80248 151572  15528 284816    0    0     0     0  659  235  0 75 25  0  0
 4  0  80248 150996  15528 284820    0    0     0     0  936  297  0 96  4  0  0
 1  0  80248 151188  15528 284808   16    0    16     0  718  268  1 83 16  0  0
 2  0  80248 151188  15528 284824    0    0     0     0  731  275  0 88 12  0  0
 2  0  80248 150580  15528 284816    8    0     8     0  648  238  0 66 34  0  0
 1  0  80248 151540  15536 284828    0    0     0    16  804  270  0 93  7  0  0
 1  0  80248 148132  15536 284828    0    0     0     0 1057  325  0 90 10  0  0
 3  0  80248 151156  15536 284828    0    0     0     0  828  243  0 83 17  0  0
 1  0  80248 151476  15536 284832    0    0     0     0  615  237  0 83 17  0  0
 3  0  80248 171020  15536 284928   48    0   176   116  488  329  1 64 35  0  0
 0  0  79480 177552  15544 284412    0    0     0    56  818  289  0 59 41  0  0
 1  0  79480 177008  15544 284412    0    0     0     0  744  306  0 91  9  0  0
 7  0  79480 174224  15544 284416    0    0     0     0  859  247  0 63 37  0  0
 1  0  79480 176880  15544 284416    0    0     0     0  717  284  0 78 22  0  0
 3  0  79480 174640  15552 284412    0    0     4   208  696  282  0 73 27  0  0
 1  0  79480 176752  15560 284428    0    0     0    32  715  229  0 70 28  2  0
 2  0  79480 171856  15560 284428    0    0     0     0  753  246  0 65 35  0  0
 3  0  79480 176432  15560 284432    0    0     0     0  719  213  0 67 33  0  0
 3  0  79480 176368  15560 284432    0    0     0     4 1213  283  0 82 18  0  0
 0  0  79480 177552  15560 284436    0    0     0     8  651  273  0 70 30  0  0
 2  0  79480 176432  15568 284436    0    0     0    80  711  254  0 69 31  0  0
 0  0  79480 177552  15568 284440    0    0     0     0  442  212  0 74 26  0  0
 1  0  79480 177232  15568 284440    0    0     0     0  598  184  0 42 58  0  0
 0  0  79480 177520  15568 284444    0    0     4     0  934  287  0 88 12  0  0
 1  0  79480 177104  15568 284448    0    0     0     0  605  196  0 55 45  0  0
 1  0  79480 176208  15576 284448    0    0     0    16  793  279  0 70 29  1  0
 2  0  79480 175376  15576 284452    0    0     0     0  719  186  0 57 43  0  0
 2  0  79480 177008  15576 284452    0    0     0     0  751  239  0 67 33  0  0
 0  0  79480 177552  15576 284456    0    0     0     0  423  164  0 45 55  0  0
 0  0  79480 177552  15576 284456    0    0     0     0  620  227  0 53 47  0  0
 0  0  79480 177552  15584 284460    0    0     0    16  610  238  0 54 46  0  0
 0  0  79480 177520  15584 284460    0    0     0     0 1045  255  0 67 33  0  0
 0  0  79480 177520  15584 284460    0    0     0     0 1095  299  0 83 17  0  0
 2  0  79480 177264  15584 284464    0    0     0     0  716  195  0 53 47  0  0
 3  0  79480 175264  15584 284464    0    0     0     0 1073  263  0 86 14  0  0
 7  0  79480 174512  15592 284696   24    0   252    72  818  215  0 65 35  0  0
 2  0  79480 175024  15592 284700    0    0     0     0  878  284  0 85 15  0  0
 0  0  79480 177552  15592 284700    0    0     0     0  571  197  0 61 39  0  0
 3  0  79480 176080  15592 284704    0    0     0     0  823  235  0 76 24  0  0
 0  0  79480 177520  15592 284704    0    0     0     0  417  186  0 67 33  0  0
 8  0  79480 174896  15600 284704    0    0     0    16 1359  276  0 88 12  0  0
 0  0  79480 177552  15600 284708    0    0     0     0  606  250  0 77 23  0  0
 2  0  79480 174792  15600 284708    0    0     0     0  883  207  0 58 42  0  0
 0  0  79480 177520  15600 284712    0    0     0     0  876  337  0 92  8  0  0
 4  0  79480 176784  15600 284712    0    0     0     8  584  169  0 49 51  0  0
10  0  79480 172432  15604 284712    0    0     0    12  638  220  0 63 38  0  0
 0  0  79480 176904  15608 284716    0    0     0     4  361  197  0 66 34  0  0
 2  0  79480 174316  15620 284704    0    0    12     0 1189  284  0 95  5  0  0
 2  0  79480 176904  15620 284720    0    0     0     0  408  208  0 63 37  0  0
 4  0  79480 175176  15620 284720    0    0     0     8  533  210  0 77 23  0  0
 1  0  79480 174392  15620 284724    0    0     0     0  287  232  0 100  0  0  0
 0  0  79480 176904  15628 284724    0    0     0    80  445  197  0 83 17  0  0
 3  0  79480 172648  15628 284728    0    0     0     0  457  246  2 77 21  0  0
 2  0  79480 173352  15628 284728    0    0     0     0  367  178  0 96  4  0  0
 3  0  79480 174632  15628 284732    0    0     0     0  384  246  0 95  5  0  0
 0  0  79480 176904  15628 284732    0    0     0     0  609  241  0 98  2  0  0
 1  0  79480 176840  15636 284732    0    0     0    24  503  218  0 95  5  0  0
 5  0  79480 175464  15636 284736    0    0     0     0  404  248  0 100  0  0  0
 3  0  79480 176008  15636 284736    0    0    28     0  428  239  0 69 31  0  0
 4  0  79480 176008  15636 284768    0    0     0     0  516  274  0 100  0  0  0
 3  0  79480 176520  15636 284768    0    0     0     0  607  209  0 79 21  0  0
 2  0  79480 175272  15644 284772    0    0     0    16  577  305  0 98  2  0  0
 2  0  79480 176232  15644 284772    0    0     0     0  534  202  0 75 25  0  0
 3  0  79480 172488  15644 284772    0    0     0     0  724  276  0 78 22  0  0
 2  0  79480 175944  15644 284776    0    0     0     0  343  130  0 53 47  0  0
 4  0  79480 176072  15644 284776    0    0     0     0  905  308  0 80 20  0  0
 0  0  79480 176904  15652 284780    0    0     0    64  400  282  0 66 34  0  0
 6  0  79480 174344  15652 284780    0    0     0     0 1402  261  0 81 19  0  0
 0  0  79480 176872  15652 284784    0    0     0     0  585  331  0 90 10  0  0
 0  0  79480 176872  15652 284784    0    0     0     0  542  189  0 47 53  0  0
 2  0  79480 175980  15652 284784    0    0     0     0 1048  309  0 91  9  0  0
 2  0  79480 176172  15660 284788    0    0     0    24  813  241  0 61 38  1  0
 1  0  79480 173196  15660 284788    0    0     0     0  611  262  0 68 32  0  0
 1  0  79480 176780  15668 284856    0    0    76     0  386  244  0 39 61  0  0
 0  0  79480 176908  15668 284860    0    0     0     0  718  268  0 71 29  0  0
 2  0  79480 176492  15668 284864    0    0     0     0  604  278  0 68 32  0  0
 0  0  79480 176908  15676 284864    0    0     0    20  812  259  0 72 28  0  0
 0  0  79480 176908  15676 284864    0    0     0     0  864  284  0 70 30  0  0
 0  0  79480 176876  15676 284868    0    0     0     0  516  204  0 41 59  0  0
 2  0  79480 176076  15676 284868    0    0     0     0  768  304  0 93  7  0  0
 0  0  79480 176908  15676 284872    0    0     0     4  755  204  0 59 41  0  0
 1  0  79480 176012  15684 284872    0    0     0    16  716  263  0 51 48  1  0
 1  0  79480 176044  15684 284872    0    0     0     0  888  207  0 70 30  0  0
 3  0  79480 175820  15684 284876    0    0     0     0  817  259  0 85 15  0  0
 0  0  79480 176908  15684 284876    0    0     0     0  665  244  0 78 22  0  0
 4  0  79480 174540  15684 284880    0    0     0     0  804  240  0 68 32  0  0
 0  0  79480 176908  15692 284880    0    0     0    52  485  289  0 80 20  0  0
 1  0  79480 176108  15692 284884    0    0     0     0  389  205  0 54 46  0  0
 1  0  79480 176876  15692 284888    0    0     0     0  980  290  0 98  2  0  0
 6  0  79480 175372  15692 284888    0    0     0     0  781  209  0 51 49  0  0
 3  0  79480 172780  15692 284892    0    0     0     0  947  270  0 87 13  0  0
 4  0  79480 175564  15700 284892    0    0     0    24  503  199  0 55 45  0  0
 2  0  79480 176620  15700 284896    0    0     0     0  741  214  0 58 42  0  0
 0  0  79480 176908  15700 284896    0    0     0     0  587  208  0 60 40  0  0
 4  0  79480 175436  15700 284900    0    0     0     0  690  239  0 67 33  0  0
 0  0  79480 176908  15700 284900    0    0     0     0  723  241  0 69 31  0  0
 1  0  79480 176268  15708 284900    0    0     0    32  701  203  0 56 44  0  0
 3  0  79480 175820  15708 284904    0    0     0     0  890  351  0 98  2  0  0
 1  0  79480 176844  15708 284904    0    0     0     0  690  209  0 63 37  0  0
 1  0  79480 174164  15716 284948   80    0   120    28  966  346  0 80 19  1  0
 3  0  79480 175116  15716 284948    0    0     0     0  478  145  0 45 55  0  0
 3  0  79480 174604  15716 284948    0    0     0     0 1147  282  0 100  0  0  0
 1  0  79480 176380  15740 285108    0    0   188    48  427  280  1 62 36  1  0
 2  0  79480 160640  16384 298996    0    0 14500     0  968  902  5 89  0  6  0
 0  0  79480 161504  16384 299080    0    0    56     0  818  305  0 75 25  0  0
 0  0  79480 161504  16528 299404    0    0   452   336  816  255  0 66 34  0  0
 0  0  79480 161504  16528 299412    0    0     0     0  647  302  0 74 26  0  0
 3  0  79480 160460  16544 300164  176    0   940    84  798  287  0 63 37  0  0
 3  0  79480 154168  17020 301916   28    0  2236     0  901  568  2 96  0  2  0
 3  0  79480 156056  17020 301920    0    0     0     0  329  153  0 47 53  0  0
 4  0  79480 155160  17020 301920    0    0     0     0  789  275  0 75 25  0  0
 0  0  79480 157464  17020 301924    0    0     0     8  543  208  0 51 49  0  0
 0  0  79480 157432  17028 301916    0    0     0    36  745  292  0 77 23  0  0
 0  0  79480 157464  17028 301928    0    0     0     0  500  207  0 59 41  0  0
 2  0  79480 156568  17028 301928    0    0     0     0  642  225  0 50 50  0  0
 0  0  79480 157464  17028 301928    0    0     0     0  501  243  0 54 46  0  0
 0  0  79480 157464  17028 301932    0    0     0     0  540  198  0 52 48  0  0
 2  1  79480 156408  17036 301924    0    0     0    80  577  273  0 62 38  0  0
 2  0  79480 157280  17036 301936    0    0     0     0  450  245  0 42 58  0  0
 3  0  79480 156384  17036 301932    0    0     0     0  521  215  0 52 48  0  0
 0  0  79480 157440  17036 301936    0    0     0     0  464  177  0 46 54  0  0
 0  0  79480 157472  17036 301936    0    0     0     0 1175  304  0 90 10  0  0
 0  0  79480 157472  17036 301936    0    0     0     0  840  247  0 70 30  0  0
 2  0  79480 156224  17044 301940    0    0     0    28  737  232  0 72 28  0  0
 0  0  79480 157440  17044 301940    0    0     0     0  644  312  0 79 21  0  0
 1  0  79480 157472  17044 301944    0    0     0     0  795  213  0 51 49  0  0
 1  0  79480 155296  17044 301944    0    0     0     0  723  249  0 80 20  0  0
 1  0  79480 156768  17044 301948    0    0     0     0  428  212  0 55 45  0  0
 2  0  79480 154336  17052 301948    0    0     0    16  768  247  0 64 35  1  0
 3  1  79480 157440  17052 301948    0    0     0   140  638  201  0 56 44  0  0
 1  0  79480 157152  17052 301952    0    0     0   556  735  278  0 81 19  0  0
 2  0  79480 156512  17052 301952    0    0     0     0  577  241  0 58 42  0  0
 1  0  79480 156576  17052 301956    0    0     0     0  972  254  0 62 38  0  0
 0  0  79480 157472  17060 301956    0    0     0    64  570  280  0 69 28  3  0
 0  0  79480 157472  17060 301956    0    0     0     0  543  232  0 55 45  0  0
 1  0  79480 157088  17060 301960    0    0     0     0  813  283  0 77 23  0  0
 1  0  79480 155744  17060 301960    0    0     0     0  873  234  0 64 36  0  0
 3  0  79480 154080  17060 301968    0    0     0     0  717  273  0 62 38  0  0
 0  0  79480 157440  17068 301968    0    0     0    20  635  201  0 60 40  0  0
 0  0  79480 157472  17068 301972    0    0     0     0  693  239  0 52 48  0  0
 1  0  79480 157056  17068 301972    0    0     0     0  869  266  0 71 29  0  0
 1  0  79480 156640  17068 301972    0    0     0     0  699  210  0 47 53  0  0
 1  0  79480 156896  17068 301976    0    0     0     8  679  282  0 82 18  0  0
 0  0  79480 157472  17076 301968    0    0     0    24  766  244  0 64 36  0  0
 1  0  79480 157056  17076 301980    0    0     0     0  998  295  0 90 10  0  0
 6  0  79480 155136  17076 301980    0    0     0     0  891  205  0 56 44  0  0
 4  0  79480 153504  17076 301980    0    0     0     0  967  288  0 91  9  0  0
 1  0  79480 157472  17076 301984    0    0     0     0  630  171  0 56 44  0  0
 1  0  79480 156832  17084 301976    0    0     0    16  733  249  0 56 44  0  0
 3  0  79480 156608  17084 301988    0    0     0     0  712  246  0 69 31  0  0
 1  0  79480 156128  17084 301988    0    0     0     0  791  222  0 67 33  0  0
 0  0  79480 157472  17084 301992    0    0     0     0  579  218  0 69 31  0  0
 0  0  79480 157472  17084 301992    0    0     0     0  539  173  0 47 53  0  0
 0  0  79480 157472  17092 301984    0    0     0    16  728  278  0 92  8  0  0
 1  0  79480 156768  17092 301996    0    0     0     0  596  184  0 40 60  0  0
 3  0  79480 152736  17092 301996    0    0     0     0  838  249  0 67 33  0  0
 4  0  79480 156576  17092 302000    0    0     0     0  713  178  0 66 34  0  0
 1  0  79480 157028  17092 302000    0    0     0     0  550  201  0 57 43  0  0
 0  0  79480 157124  17100 301996    0    0     0    16  492  269  0 71 28  1  0
 4  0  79480 155780  17100 302004    0    0     0     0  757  225  0 59 41  0  0
 2  0  79480 156484  17100 302004    0    0     0     0  912  256  0 80 20  0  0
 0  0  79480 157156  17100 302008    0    0     0     0  839  224  0 57 43  0  0
 2  0  79480 155268  17100 302008    0    0     0     0  925  321  0 87 13  0  0
 1  0  79480 156644  17116 301996    0    0     0   120  648  215  0 59 41  0  0
 2  0  79480 152060  17116 302012    0    0     0     0  722  272  0 72 28  0  0
 2  0  79480 156356  17116 302016    0    0     0     0  540  181  0 57 43  0  0
 2  0  79480 157156  17116 302016    0    0     0     0 1021  276  0 76 24  0  0
 2  0  79480 156548  17116 302016    0    0     0     0  700  219  0 63 37  0  0
 5  1  79480 155620  17124 302012    0    0     0    16 1129  270  0 78 22  0  0
 0  0  79480 157156  17124 302020    0    0     0     0  702  291  0 71 29  0  0
 0  0  79480 157156  17124 302024    0    0     0     0  497  181  0 41 59  0  0
 1  0  79480 155004  17124 302024    0    0     0     0  693  304  0 85 15  0  0
 1  0  79480 156836  17124 302028    0    0     0     0  602  231  1 61 38  0  0
 2  0  79480 154916  17124 302028    0    0     0     4  779  274  0 74 26  0  0
 3  0  79480 155588  17132 302032    0    0     0    16  567  206  0 56 44  0  0
 3  0  79480 156708  17132 302032    0    0     0     0  771  266  0 64 36  0  0
 0  0  79480 157156  17132 302032    0    0     0     0  787  256  0 58 42  0  0
 1  0  79480 154852  17132 302036    0    0     0     0  695  249  0 69 31  0  0
 0  0  79480 155076  17132 302036    0    0     0     0  550  259  0 54 46  0  0
 1  0  79480 154596  17140 302036    0    0     0    16  588  199  0 51 49  0  0
 0  0  79480 155108  17140 302040    0    0     0     0  863  318  0 85 15  0  0
 1  0  79480 154404  17140 302040    0    0     0     0  637  224  0 51 49  0  0
 5  0  79480 153444  17140 302044    4    0     4     0  667  266  0 73 27  0  0
 4  0  79480 152484  17140 302044    0    0     0     0  603  195  0 48 52  0  0
 6  0  79480 152644  17152 302032    0    0     0    72 1152  325  0 97  3  0  0
 2  0  79480 154820  17152 302048    0    0     0     0  576  238  0 73 27  0  0
 2  0  79480 154916  17152 302048    0    0     0     0 1343  309  0 88 12  0  0
 0  0  79480 155076  17152 302052    0    0     0     0  510  220  0 57 43  0  0
 4  0  79480 154884  17152 302056    0    0     0     0  744  230  1 60 39  0  0
 0  0  79480 155108  17160 302052    0    0     0    16  801  312  0 89 11  0  0
 0  0  79480 155108  17160 302060    0    0     0     0  566  222  0 65 35  0  0
 8  0  79480 152396  17160 302064    0    0     0     0 1000  257  0 60 40  0  0
 3  0  79480 154628  17160 302064    0    0     0     0  630  235  0 62 38  0  0
 7  0  79480 152484  17160 302064    0    0     0     0 1045  288  0 68 32  0  0
 0  0  79480 155076  17168 302060    0    0     0    16  423  250  0 52 48  0  0
 1  0  79480 155076  17168 302068    0    0     0     0  874  259  0 65 35  0  0
 0  0  79480 155076  17168 302072    0    0     0     0  504  281  0 65 35  0  0
 2  0  79480 154212  17168 302072    0    0     0     0  839  240  0 62 38  0  0
 0  0  79480 155076  17168 302076    0    0     0     0  468  254  0 79 21  0  0
 2  0  79480 154468  17176 302068    0    0     0    16  607  210  0 58 42  0  0
 0  0  79480 155108  17176 302076    0    0     0     0 1083  297  0 92  8  0  0
 3  0  79480 153316  17176 302080    0    0     0     0  656  193  0 41 59  0  0
 3  0  79480 152644  17176 302080    0    0     0     0  912  259  0 75 25  0  0
 0  0  79480 155076  17176 302084    0    0     0     0  486  179  0 51 49  0  0
 0  0  79480 155108  17184 302076    0    0     0    32  776  236  0 62 38  0  0
 0  0  79480 155108  17184 302084    0    0     0     0  490  240  0 66 34  0  0
 2  0  79480 154404  17184 302088    0    0     0     0  748  215  0 53 47  0  0
 0  0  79480 155108  17184 302088    0    0     0     0  679  267  0 83 17  0  0
 0  0  79480 155108  17184 302092    0    0     0     0  794  259  0 64 36  0  0
 2  0  79480 152356  17192 302084    0    0     0    36  531  298  0 63 37  0  0
 1  0  79480 153700  17192 302096    0    0     0     0  706  208  0 65 35  0  0
 1  0  79480 153732  17192 302096    0    0     0     0  667  246  0 51 49  0  0
 0  0  79480 155076  17192 302100    0    0     0     0  642  155  0 45 55  0  0
 1  0  79480 155012  17192 302100    0    0     0     0  823  249  0 80 20  0  0
 1  0  79480 153412  17204 302088    0    0     0    96  614  258  0 65 34  1  0
 8  0  79480 151244  17204 302104    0    0     0     0 1205  256  0 78 22  0  0
 2  0  79480 154504  17204 302104    0    0     0     0  684  259  0 100  0  0  0
 0  0  79480 154856  17204 302108    0    0     0     0  675  194  0 53 47  0  0
 4  0  79480 150336  17204 302108    0    0     0     0  975  297  0 92  8  0  0
 0  0  79480 154856  17212 302100    0    0     0    16  653  207  0 63 37  0  0
 2  0  79480 154024  17212 302112    0    0     0     0  961  250  0 70 30  0  0
 0  0  79480 154856  17212 302112    0    0     0     0  726  159  0 47 53  0  0
 0  0  79480 154856  17212 302116    0    0     0     0  929  261  0 79 21  0  0
 1  0  79480 152808  17212 302116    0    0     0     0  562  269  0 72 28  0  0
 3  0  79480 153416  17220 302112    0    0     0    16  807  269  0 68 31  1  0
 2  0  79480 153960  17220 302120    0    0     0     0  469  257  0 72 28  0  0
 0  0  79480 154824  17220 302120    0    0     0     0  674  209  0 54 46  0  0
 1  0  79480 151784  17220 302124    0    0     0     0  663  298  0 77 23  0  0
 2  0  79480 152680  17220 302124    0    0     0     0  806  203  0 63 37  0  0
 2  0  79480 152744  17228 302120    0    0     0    16  748  254  0 82 18  0  0
 0  0  79480 154760  17228 302128    0    0     0     0  466  182  0 46 54  0  0
 1  0  79480 154504  17228 302128    0    0     0     0  498  187  0 51 49  0  0
 2  0  79480 153896  17228 302132    0    0     0     0  733  268  0 71 29  0  0
 2  0  79480 154760  17228 302132    0    0     0     0  965  247  0 72 28  0  0
 1  0  79480 154792  17236 302128    0    0     0    16  566  241  0 51 49  0  0
 0  0  79480 154792  17236 302136    0    0     0    40  649  200  0 57 43  0  0
 2  0  79480 152392  17236 302140    0    0     0     0  513  259  0 88 12  0  0
 2  0  79480 154088  17236 302140    0    0     0     0  674  241  0 93  7  0  0
 2  0  79480 152264  17236 302144    0    0     0     0  548  221  0 63 37  0  0
 2  1  79480 154472  17248 302172    0    0    28    36  431  199  0 66 34  0  0
 4  0  79480 154280  17248 302176    0    0     0    16  634  209  0 65 35  0  0
 0  0  79480 154792  17248 302180    0    0     0     0  499  243  0 73 27  0  0
 3  0  79480 154664  17248 302180    0    0     0     0 1008  259  0 78 22  0  0
 0  0  79480 154760  17248 302184    0    0     0     0  616  291  0 79 21  0  0
 0  0  79480 154792  17248 302184    0    0     0     0  498  184  0 62 38  0  0
 1  0  79480 154760  17256 302184    0    0     0    16  678  309  0 83 17  0  0
 2  0  79480 154056  17256 302188    0    0     0     0  539  185  0 54 46  0  0
 2  0  79480 150144  17256 302188    0    0     0     0  845  290  0 82 18  0  0
 1  0  79480 154184  17256 302192    0    0     0     0  517  189  0 60 40  0  0
 1  0  79480 153800  17256 302192    0    0     0     0 1263  332  0 91  9  0  0
 1  0  79480 154568  17264 302196    0    0     0    48  650  255  0 84 16  0  0
 1  0  79480 154344  17264 302196    0    0     0     0  896  274  0 77 23  0  0
 0  0  79480 154792  17264 302200    0    0     0     0  419  249  0 90 10  0  0
 1  0  79480 154536  17264 302200    0    0     0     0  524  202  0 49 51  0  0
 3  0  79480 152520  17264 302204    0    0     0     0  687  382  0 98  2  0  0
 2  0  79480 154632  17276 302204    0    0     0    36  383  223  0 64 36  0  0
 5  0  79480 151048  17276 302204    0    0     0     0  836  270  0 92  8  0  0
 3  0  79480 154536  17276 302208    0    0     0     0  378  239  0 74 26  0  0
 6  0  79480 152680  17276 302208    0    0     0     0  578  219  0 68 32  0  0
 0  0  79480 154792  17276 302212    0    0     0     0  418  238  0 65 35  0  0
 4  0  79480 153928  17284 302212    0    0     0    16  803  262  0 71 29  0  0
 0  0  79480 154792  17284 302216    0    0     0     0  588  281  0 81 19  0  0
 4  0  79480 154344  17284 302216    0    0     0     0  588  204  0 56 44  0  0
 0  0  79480 154792  17284 302220    0    0     0     0  677  290  0 82 18  0  0
 3  0  79480 151656  17284 302220    0    0     0     0  750  213  0 65 35  0  0
 1  0  79480 152168  17292 302220    0    0     0    16  804  323  0 98  2  0  0
 6  0  79480 152040  17292 302224    0    0     0     8  738  216  0 68 32  0  0
 2  0  79480 151976  17292 302224    0    0     0     0  500  247  0 99  1  0  0
 1  0  79480 154792  17292 302228    0    0     0     0  529  185  0 67 33  0  0
 6  0  79480 151464  17292 302228    0    0     0     0  885  270  0 72 28  0  0
 0  0  79480 152712  17300 302228    0    0     0    24  514  270  0 97  3  0  0
 4  0  79480 151528  17300 302232    0    0     0     0  982  208  0 83 17  0  0
 3  0  79480 148344  17300 302232    0    0     0     0  705  270  0 98  2  0  0
 0  0  79480 152744  17300 302236    0    0     0     0  463  212  0 72 28  0  0
 4  0  79480 151080  17300 302236    0    0     0     0  643  247  0 87 13  0  0
 3  0  79480 151176  17308 302236    0    0     0    40  386  180  0 61 38  1  0
11  0  79480 147272  17308 302240    0    0     0     0  614  246  0 84 16  0  0
 0  0  79480 152744  17308 302240    0    0     0     0  341  195  0 87 13  0  0
 1  0  79480 152424  17308 302244    0    0     0     0  754  245  0 81 19  0  0
 2  0  79480 152552  17308 302244    0    0     0     0  647  222  0 72 28  0  0
 2  0  79480 152712  17316 302248    0    0     0    16  461  202  0 57 43  0  0
 0  0  79480 152744  17316 302248    0    0     0    56  445  271  0 65 35  0  0
 2  0  79480 150056  17316 302248    0    0     0     0  428  211  1 67 32  0  0
 2  0  79480 148584  17316 302252    0    0     0     0  390  241  0 100  0  0  0
 1  0  79480 150472  17316 302252    0    0     0     0  440  220  0 64 36  0  0
 9  0  79480 146896  17328 302256    0    0     0    36  644  283  0 87 13  0  0
 0  0  79480 152744  17328 302256    0    0     0     0  294  226  0 63 37  0  0
 3  0  79480 150280  17328 302260    0    0     0     0  660  343  0 87 13  0  0
 0  0  79480 152232  17612 303016  308    0  1252     0  451  954  6 43 48  3  0
 1  0  79480 151728  17620 303228  128    0   228    32  290  155  1  5 94  0  0
 0  0  79480 151728  17620 303244    0    0     0     0  257   54  0  0 100  0  0
 0  0  79480 149428  17620 303244    0    0     0     0  259  121  1  0 99  0  0
 0  0  79480 149428  17620 303244    0    0     0     0  256   52  0  0 100  0  0
 0  0  79480 149428  17620 303244    0    0     0     0  254   48  0  0 100  0  0
 0  0  79480 149428  17628 303240    0    0     0    20  262   60  0  0 99  1  0
 0  0  79480 149428  17628 303244    0    0     0     0  253   40  0  0 100  0  0
 0  0  79480 149428  17628 303244    0    0     0     0  257   48  0  0 100  0  0
