329415
195137
769
38262
3257
81284
2351
99898
109552
45925
202929
70202
75436
7380
19050
56892
505
78577
19552
79184
93897
192363
244187
7700
325539
8846
15135
3181
392
7504
3966
87037
345
609
217838
40305
482
1724
66311
3951
3801
2570
5167
322
350
1058
186184
1099
386051
168036
2367
80587
3537
20251
242754
16057
300
8840
3889
717
80795
17943
4931
2758
178211
13296
28565
28734
40001
190575
850
86481
16928
9816
94755
84502
22789
38561
94678
226713
49462
45331
50886
3409
54721
12633
15567
7330
42342
198354
46127
47305
45295
76972
26001
31350
93815
48919
163958
245082
9701
427164
10374
327132
365212
