17
129
4
116
115
115
128
242
120
1
59
243
29
59
118
6
124
0
0
55
116
114
116
30
83
27
21
39
140
0
71
240
56
119
233
119
165
2205
117
119
122
239
14
556
28
58
245
0
0
148
1
0
4
0
0
0
0
0
233
0
162
0
0
4
0
1
28
0
0
0
0
46
133
154
3
4
4
1
1
1
140
1
0
0
1
9
10
215
251
62
475
139
124
117
19
320
27
0
383
21
236
101
328
30
184
7
1
1
1
120
1
0
1
1
1
4
1
0
177
117
172
178
179
1
242
203
190
177
178
179
174
123
78
2
53
128
1
53
32
211
1
15
1
528
1
1
13
4
51
126
95
302
187
40
2
77
9
284
21
29
45
28
58
80
69
1
25
20
15
81
1
37
176
1
3
71
14
1
188
142
40
2061
73
1
46
181
215
202
190
203
293
203
176
6
240
2
5
8
2
196
25
25
2
25
1
0
694
1
1
1
1
1
35
1
0
1
5
9
10
3
2
93
2
4
86
47
89
18
6
30
1
2
100
4
21
17
110
