329414
195131
773
38256
3331
81253
2368
99894
109531
45948
202915
70210
75441
7383
174775
79164
93912
192285
244247
7697
325601
8782
25862
72362
238171
40906
302
83253
8167
26081
540844
168018
2371
56490
24073
23865
242440
16346
4385
4911
3855
530
80770
21897
4344
1402
69073
8002
25303
74045
13304
28562
68739
194582
110565
94704
145941
94622
74649
152068
94845
50829
86376
7342
45190
195900
46253
47305
45184
77105
25983
31374
93813
48796
163972
202470
37465
973
343
560
8889
88408
784
1002
123473
216892
10401
327089
365254
