1128641365 0
1128970779 0
1129165910 0
1129166683 0
1129204939 0
1129208270 94
1129289617 0
1129291985 0
1129391879 106
1129501516 0
1129547464 0
1129750379 0
1129820589 0
1129896030 0
1129903413 1
1130078189 160
1130157513 0
1130251425 113
1130443823 0
1130688070 0
1130695767 0
1131021368 0
1131030150 97
1131056109 148
1131128619 0
1131366790 99
1131407795 0
1131408097 0
1131491350 0
1131499517 13
1131525611 4
1132066459 0
1132234477 0
1132236848 0
1132293338 7
1132317418 1
1132341284 0
1132583724 0
1132600070 0
1132604455 0
1132609366 0
1132613221 0
1132613751 273
1132694794 0
1132716691 0
1132721035 1
1132722438 0
1132791511 0
1132799513 0
1132824816 14
1132898875 0
1132912179 0
1132940741 0
1133009480 0
1133204062 0
1133314627 0
1133409331 422
1133555694 0
1133650316 0
1133724965 1
1133877034 1
1133971880 1
1134022710 0
1134109086 101
1134116529 0
1134161719 0
1134357619 0
1134403872 0
1134451177 0
1134496361 1
1134573467 0
1134599450 209
1134631033 103
1134724949 0
1134773745 211
1134937928 0
1135140398 1
1135177864 0
1135178837 694
1135179874 0
1135180434 0
1135189323 0
1135277731 0
1135278515 0
1135279517 0
1135402990 0
1135619882 0
1135630283 0
1135957372 0
1136322626 41
