1168458187 0
1168469212 0
1168480237 0
1168491262 0
1168502287 0
1168513311 1
1168524336 0
1168535361 0
1168546386 0
1168557411 0
1168568436 0
1168579461 0
1168590486 0
1168612536 0
1168623561 0
1168634585 0
1168656635 0
1170916741 0
1171321113 16103
1171337536 6123
1171343839 12934
1171356961 0
1171357195 1311
1171358737 0
1171359013 1965
1171361199 1
1171361440 2498
1171365076 2369
1171367643 5947
1171374383 1552
1171376166 942
1171377332 2684
1171380210 2994
1171384133 126
1171384570 306
1171385121 102
1171385405 7208
1171392800 1
1171393958 5051
1171399198 2622
1171402050 688
1171403701 2046
1171405955 6281
1171412862 0
1171413115 1779
1171417328 2972
1171420612 1374
1171423115 852
1171424185 712
1171425135 1
1171425328 0
1171425515 1263
1171426984 726
1171427898 1028
1171429109 1499
1171430806 140
1171431954 9015
1171442011 9024
1171451986 8948
1171461999 2173
1171464354 907
1171472631 1395
1171474305 145
1171474730 710
1171475696 1731
1171478338 4110
1171482652 442
1171483366 1027
1171490036 1
1171501062 0
1174011576 840
1174037189 1
